11.263025
10.987238
11.426958
10.688284
10.557826
11.144505
10.553883
10.289107
10.029373
9.940549
9.339215
8.097655
9.077798
9.298188
8.228293
9.115719
10.849926
9.492341
11.78835
9.83739
11.151608
9.859005
10.829729
11.16418
9.997213
9.45967
11.010199
10.376585
11.486945
11.944398
11.946765
11.788568
10.854398
10.145755
10.780886
10.308107
10.158544
11.383193
13.044013
13.175973
12.230009
10.594925
9.294073
10.685074
12.457005
11.805559
11.756468
9.750357
10.19919
9.327516
10.341991
8.897805
7.894298
8.28695
8.89898
11.089682
9.779484
8.758057
9.387257
9.561667
10.723676
10.257933
11.673957
11.779142
9.89142
10.554562
12.789682
12.90663
12.78
11.022486
9.685135
10.098328
12.99347
13.279859
12.614966
12.928935
10.946561
11.972595
11.190253
9.768647
11.959724
11.249237
10.663833
11.379814
9.504053
10.694056
10.930667
11.880464
11.295633
13.483262
12.086955
10.824252
12.572849
9.691572
11.069559
10.214589
9.667836
9.44945
11.404829
11.541246
9.047726
10.003478
10.430798
10.052791
12.350793
10.660643
11.736286
11.673601
13.274687
12.777876
11.250439
10.885335
10.549656
10.949168
10.282778
11.864589
12.141159
13.817254
13.298443
13.010361
14.132411
13.125675
12.652609
11.64053
11.299553
11.82047
11.176216
11.149483
10.389761
9.263932
11.756161
11.15034
10.057011
9.309891
10.837886
9.879809
9.858554
11.312236
10.891122
9.590859
11.928587
10.263624
10.854568
10.409697
11.940163
11.817221
11.854023
10.869303
12.524497
11.910915
10.69085
10.284749
11.832485
11.159048
10.743478
10.898534
12.971258
12.818059
11.407062
10.489754
11.545927
10.976725
11.622171
11.279585
10.397743
10.805457
11.597982
11.457197
10.923887
9.988238
9.533563
10.136436
10.443682
8.864623
10.566175
10.216489
11.245166
12.082513
12.972323
11.976738
11.549782
13.382101
13.42059
13.341055
11.222683
10.47369
11.542033
11.049335
12.403769
9.945034
11.147762
10.704621
10.445711
11.297374
11.320147
12.165758
12.070923
12.006075
11.953853
12.286616
10.575065
14.884231
11.74945
12.206793
13.645517
12.82886
12.780551
11.504051
11.865719
10.691888
10.525855
9.71555
7.884078
8.591027
8.280236
9.05723
8.36
11.372447
8.935047
10.966616
11.485589
13.084074
11.476924
10.496306
10.188013
10.404177
10.773719
10.917818
8.888081
8.856868
9.261528
9.752451
10.852284
10.842487
9.487599
11.204594
11.563324
11.979312
11.806377
13.299272
12.562348
12.585205
11.074445
10.55987
9.959166
10.840082
10.52625
9.811912
9.353225
8.10554
8.632951
9.343921
10.884922
10.617481
10.836797
13.699818
13.328946
13.358361
12.076185
11.482586
10.717953
13.056512
12.197408
12.142498
11.725189
10.722292
10.937309
12.141961
11.498151
11.243114
11.980369
10.372412
11.990105
11.80607
12.603404
12.729984
12.672505
12.257363
12.513547
13.096342
11.445695
11.717334
10.233459
9.907007
9.519953
9.265058
10.68071
10.13566
10.209325
10.688437
10.828205
11.851158
10.707469
11.326813
11.042865
10.879862
10.411258
9.071428
11.08152
11.742372
12.685005
10.985369
12.683579
12.250831
11.580034
10.489461
10.174822
9.924925
9.803392
12.822773
12.877934
12.119067
12.551634
13.392511
11.467349
11.834509
12.59086
12.561485
12.379937
13.995815
12.963814
13.026483
13.494442
13.288655
12.762886
13.905821
13.265932
13.358742
12.510702
11.416835
11.851127
13.323861
12.850756
13.29018
12.081228
12.484126
13.524003
12.973452
11.935827
10.381735
10.77811
11.416452
11.301421
11.212739
11.366678
10.598465
12.148086
12.672372
11.414235
11.832532
11.924716
11.499846
13.282064
10.393555
11.845266
10.279686
10.637413
12.150852
10.681215
11.855335
11.598129
12.411803
12.361202
10.475046
12.028379
11.436382
10.169089
10.273336
10.323897
10.498786
10.993461
10.750356
9.957951
10.135038
13.023467
13.47979
12.466229
13.988804
12.227598
12.962968
12.141977
11.754055
12.11722
11.84736
12.312292
10.263024
10.441199
10.849127
11.412626
11.818766
10.311434
10.485882
10.013308
11.118566
10.766865
12.089228
14.250168
14.216478
13.70622
12.319837
12.808402
11.301097
11.592927
12.454242
9.909942
10.003441
9.77566
9.614119
10.340215
11.368499
11.698302
13.444074
13.11287
13.308701
12.782647
12.742879
12.566061
11.740473
14.518002
15.022038
13.838503
12.770561
12.852946
11.563907
10.300376
11.763584
11.561584
11.130599
12.848003
12.179885
11.736781
11.780849
13.207178
12.44388
13.370942
12.915373
12.799051
13.387719
11.634697
10.304706
11.812454
10.795341
11.539113
11.01588
10.31683
10.764853
9.530627
11.734137
10.954275
10.592057
10.310358
9.767211
11.348778
11.740523
12.3694
10.485406
10.62673
11.014903
11.634298
10.689686
11.258705
10.21366
10.514644
11.577454
12.522279
13.014967
11.633322
11.371933
11.786637
12.716113
9.681364
12.215035
11.757956
12.198287
11.921397
11.716112
11.700221
11.434777
11.753924
12.726619
11.984233
13.06041
13.635678
12.561179
13.130282
13.349161
13.057893
11.366166
10.632448
10.238562
11.292363
11.204541
13.159022
12.602554
12.729011
12.514191
13.077898
10.402844
10.32219
10.84239
11.022279
12.675802
12.600103
11.883152
12.389614
12.870357
13.224539
12.700889
13.189756
13.575809
11.969602
11.03624
11.402359
12.130927
9.636936
10.546485
10.226645
12.799915
10.905674
12.241405
11.757617
12.030828
12.605685
12.730011
14.072753
13.113068
12.231688
14.046528
11.820396
13.023261
11.356931
12.087553
13.583089
13.577006
14.944012
14.646761
13.376815
13.611567
13.529438
12.421498
12.08189
11.931145
11.55969
12.937644
13.642175
10.844992
11.849526
10.941878
11.936672
12.276712
11.202752
11.593295
12.262574
11.511788
11.191084
11.147542
10.149168
11.710414
12.59296
13.25666
13.094286
12.529298
14.243797
14.709134
12.958416
12.18144
12.408208
12.779526
14.357903
14.335144
14.908859
13.548563
14.86877
13.650698
12.01621
11.795077
11.782775
11.23305
11.51161
11.912941
11.481693
11.908804
13.424625
14.660638
15.735968
13.889353
12.71602
13.523599
15.116986
14.553305
15.269534
14.414994
13.925837
14.085694
14.26744
13.982154
12.800095
14.698744
13.071212
12.450957
12.204395
11.971141
11.616421
11.761457
12.2773
12.510934
11.385385
12.263904
11.969448
13.161241
14.051541
13.263811
11.365578
13.024992
12.018202
12.85607
12.74295
13.075111
11.438852
11.532134
12.682899
12.998326
14.729799
15.670794
14.029383
14.034321
14.359543
15.984636
16.941697
14.87819
14.369612
13.769995
14.020208
13.152999
13.541222
13.140336
12.703499
13.211848
12.24807
13.279389
12.767128
12.10928
12.098888
12.008496
12.278353
11.276484
10.730331
10.462945
8.638562
10.228986
8.95145
9.747378
10.918873
12.152994
12.525152
12.307154
12.824239
12.710056
11.44912
12.833963
13.158896
13.029237
12.642749
12.170272
12.513583
12.402806
10.112361
12.000305
10.924418
13.569673
12.704935
10.859049
11.005847
12.710379
11.975192
10.211082
11.364972
11.190084
11.580204
12.402291
12.181654
12.512885
13.574474
12.804073
12.941836
13.731472
12.425789
15.367812
12.647048
11.334372
11.832392
12.479441
13.327301
11.947329
10.936061
12.270598
13.532399
12.366043
12.131892
13.261623
14.027658
13.672097
13.398393
13.613703
13.248252
13.706537
12.308012
13.165166
14.671781
13.331215
12.791755
13.994816
13.469312
13.444767
12.038382
11.803
13.581731
13.178313
12.28565
12.507998
11.990411
13.407323
14.755604
14.911638
15.797832
15.243316
15.663381
16.561455
15.871379
14.925711
14.567781
15.165127
14.542919
14.310093
15.699625
15.086584
14.815084
13.388098
12.432294
12.879819
13.543952
14.034976
14.726282
14.371592
13.106432
12.784492
14.016729
12.481434
14.202561
14.949176
13.900057
12.892455
13.772294
13.883525
13.824684
12.74478
14.021287
13.120632
12.0257
14.151296
14.832676
14.117362
14.003261
13.606492
12.756983
14.671041
15.062125
14.096499
14.115715
14.542626
14.68552
15.16578
13.273533
13.641817
12.959585
12.259667
14.130465
15.774532
15.148011
14.800501
15.001536
17.394661
14.905051
14.8702
17.776185
16.309825
15.776261
15.296277
15.395902
13.415861
12.502485
14.156812
14.991068
14.666021
13.345933
15.048206
14.238756
15.066517
15.082524
15.405489
13.786967
14.477302
14.013793
14.792902
13.234132
13.20731
14.158064
15.029878
16.066239
15.656411
14.753272
14.652105
13.877647
14.034351
12.746962
12.586099
10.334259
11.429236
12.974178
11.55194
10.154677
12.056688
11.393907
12.641027
12.381909
13.159323
12.790342
12.658545
12.516453
13.26064
13.638275
13.274639
14.54081
12.573528
13.684137
13.101035
13.688173
14.207996
13.802902
13.552954
12.594643
12.074929
10.695815
12.630824
12.329962
12.799123
11.439425
13.154572
14.030066
11.33127
12.139689
12.792722
13.941083
14.487714
13.725039
13.950626
13.070567
14.263545
14.417269
15.049993
16.150883
16.272009
15.419178
13.853513
15.350355
15.49883
16.209749
15.022805
15.993237
14.584003
14.679437
13.64933
14.678156
15.43162
15.961475
15.607075
16.78583
15.455548
15.585681
14.840335
14.540992
13.705341
14.535439
14.377765
14.795955
14.836653
12.910471
14.037987
14.106564
12.9963
13.642722
12.89594
13.502899
13.650394
14.277519
14.141052
13.453484
16.110134
13.83247
13.615676
13.383461
14.800362
13.510268
14.627115
13.391342
13.09738
12.492739
13.696691
14.43843
15.080699
14.724864
14.211844
13.407
14.384276
13.359073
13.254374
11.41453
13.485548
15.347791
15.352924
13.418124
15.187654
14.738867
15.093166
14.644451
14.464836
14.588659
15.97999
14.420819
14.952879
13.946645
14.648908
17.068008
16.249212
17.139816
16.090438
16.079859
14.934916
15.627753
15.775311
15.828077
17.018971
17.869445
15.906167
16.711621
14.27085
14.924576
14.496119
14.358759
13.782769
14.071243
14.034832
11.635967
13.219631
14.461265
14.704255
13.46102
15.374338
14.851147
13.501148
14.354747
14.090904
15.265897
14.344965
14.425724
15.613279
15.554811
16.052193
17.127179
17.681655
15.185331
14.277891
15.017652
15.984862
16.192363
17.302019
16.498039
15.391422
14.237554
13.591303
16.130779
14.439462
15.069607
15.416712
14.926644
14.443623
14.234177
14.839213
18.294694
17.821336
16.836179
18.278115
16.612649
16.027531
15.072776
16.845984
15.275435
15.739178
17.126874
15.233138
14.796522
16.722446
16.150298
14.91462
16.348354
16.028857
16.13954
16.384612
16.860365
17.08504
16.736828
16.349315
15.48697
15.103311
16.204821
16.948955
15.037527
15.872692
16.659176
15.669593
17.839177
17.41447
18.189904
16.121732
15.377552
16.805905
14.816644
17.252457
15.903248
13.979314
13.831559
12.997876
13.572753
13.530499
11.999179
12.333339
12.829778
12.215443
13.262046
14.06319
13.071733
12.451577
12.717252
14.600247
14.317729
15.025141
14.978984
14.821188
16.006829
16.155644
14.020686
15.16549
13.415582
15.317299
14.972377
13.824828
14.543293
14.032554
14.134939
13.750657
13.926221
14.25896
15.349363
16.281225
15.050068
13.782182
13.724155
16.380926
17.479962
16.992636
15.208944
16.550177
14.315784
16.280387
16.061765
14.966211
15.421666
17.093826
15.815728
15.860666
16.140044
16.556038
17.374452
17.03672
16.61276
17.540372
17.2348
19.265294
17.159886
18.664029
15.819029
16.783134
15.494126
14.918737
13.771834
16.354742
15.448048
17.007331
15.326298
14.969034
14.597495
14.43437
14.969078
15.112134
14.167034
12.539086
14.133848
12.882011
12.104894
11.981567
13.799348
13.515841
17.274893
15.945206
16.69436
16.653646
17.173289
17.967016
17.254838
17.12458
16.470363
17.365245
15.108061
16.575587
15.680698
15.423973
15.731765
17.146576
16.008335
15.281879
17.336022
15.657733
15.719823
16.01574
15.4337
14.809661
15.262275
16.488089
18.09064
18.224379
16.455751
16.796422
15.710393
17.234018
17.332769
15.551746
15.858469
15.965089
16.544028
17.900003
16.629027
18.906999
18.689933
15.965844
16.557469
16.643997
17.197221
15.082786
13.732233
14.620046
14.532859
15.277804
13.696031
13.752713
14.075035
16.676015
15.328553
15.241994
15.548865
15.352795
16.182841
18.261669
17.343369
17.987158
18.474022
17.321522
17.319518
15.052594
15.845151
17.26136
14.615679
16.683292
15.09165
15.412271
16.86385
18.026677
15.960562
17.139102
15.048089
14.441622
16.351165
16.610936
16.559313
15.365718
15.464173
16.574244
17.486978
15.6511
15.931412
15.935188
16.387365
15.908128
17.637071
18.519864
17.073437
18.04596
17.66093
17.694603
17.609347
16.730277
16.143185
17.269075
17.515936
17.633007
17.506159
16.621989
17.201494
16.1456
17.145009
15.584698
16.50249
15.001793
17.036312
17.700576
