-0.494866492
-1.496074672
0.440718519
0.877049517
-0.234617342
0.902250752
-0.092310905
0.422579129
0.027929221
0.148680783
-0.760729208
-0.95637562
0.080470818
1.349475431
1.383283042
1.511306059
0.548154218
1.051740479
-0.040207658
0.522842647
0.883606338
-0.824759473
0.042424184
1.5018835
0.399087578
-0.058930229
0.959283978
1.140182862
0.118093753
0.855297413
-0.312121908
0.147833357
1.109022554
-0.606746762
1.527241775
1.658446441
1.003865719
-0.805947227
-0.81344668
-0.229250225
-1.555584358
-0.374400044
1.006436739
2.075488497
0.559437118
1.391582331
-1.06702079
0.207768293
-0.013476284
-1.43184608
-1.110488308
-1.587216232
0.036129465
-0.824760752
0.319993758
-0.197201981
0.30776525
-0.74315719
1.340635182
-1.022590335
-0.251958832
-1.185980661
-0.634353704
0.551449395
-0.306418173
-1.431500136
-0.05775903
-0.389498751
0.501676182
-1.394754285
-0.560449471
-0.884078145
-2.10195088
-0.556605595
-0.649018745
-1.99650868
-0.921622631
-0.141102315
0.35191906
0.578421604
0.515233528
1.852417992
-0.590581275
-0.590754245
1.077545726
-0.151883504
-1.27720219
-0.756872811
-0.077441698
1.337693096
-1.331795221
-0.059111875
-0.50794513
-0.388807527
-1.047895568
-1.032619231
-1.662099154
-0.442191956
-1.832665553
-0.251471739
0.053604955
0.762642694
0.481479798
-0.578157556
0.001459646
0.760188819
-1.28167884
-0.676366381
-0.70963912
-0.581787961
-0.91688526
-0.717398074
0.566545266
0.05529967
-0.559875709
-0.486272618
0.559318503
-0.760906732
0.967353117
-0.403653132
1.160991833
0.640607513
-0.600026757
0.717750455
0.131456376
0.199145671
2.096139298
-0.788119257
0.298096281
-0.2084535
-1.085207252
-1.218561582
-0.755074008
-1.006365052
-0.266714121
0.140758102
0.152964612
0.115729944
-0.499617818
-0.834003547
1.711708741
-0.714187862
-0.966739142
0.93372711
0.060146398
-0.285757821
0.550911956
0.064525705
0.146525378
-0.535701085
-0.95220457
1.260626756
-0.948633982
-0.267346337
1.244450337
-0.483160549
2.000404115
0.92181218
1.523909366
1.711367253
1.617104349
-0.449548202
-0.058847484
-0.42978889
-0.587106009
0.401033729
-0.465945004
-0.281763212
0.662781142
0.6872409
0.54278765
1.274320544
1.459717242
0.504494418
1.128516911
1.663146928
-0.598898665
-0.05530626
-0.168105164
-0.700612182
-1.226104574
-1.215615316
-0.256823872
0.43374903
-0.6037984
-0.47235516
0.854500073
-1.80089816
-0.602928492
0.265237514
-0.905521351
-0.248751946
1.039010239
-0.342189473
1.414022785
0.543839475
2.178166246
0.901097047
0.299070666
0.507189954
-0.117155797
1.048671862
-0.063828916
2.192068985
-1.717083812
0.167384092
-0.700323077
-1.59628682
-0.513256825
-1.121300616
-0.338160918
-0.421589469
-0.136915032
0.108536128
-0.36029345
-0.468645639
0.139043101
-0.138502361
-1.671486058
-0.8860878
-0.252875832
-1.85458315
-0.17248024
-1.987463203
0.717214352
-1.046221495
-0.285889903
-0.717851479
0.081764686
-1.231259868
0.1710383
0.465129411
-1.254350406
0.086423929
0.179787637
0.125544865
0.75669803
0.551865375
1.72401211
-0.076978793
1.150295815
-0.70917248
1.72142526
0.337194578
-1.242031426
-2.072122269
-0.956232456
0.390813858
0.34623628
0.054726261
0.009787049
0.328530706
1.44206227
0.775866527
1.810756752
-1.026618867
-0.103214529
0.130310493
-1.532588162
-0.785320435
-1.0766302
-2.957877509
-1.182707201
-2.705291429
-2.969936682
-1.373176783
-1.094772593
-0.412262739
-0.457560944
1.269913359
-0.520204381
0.784553259
-0.306897376
0.419630227
2.499476946
-0.072081424
0.451171927
-1.564592441
0.643538513
0.91442141
1.947306519
0.877414826
-0.240716741
2.013444197
-0.309863102
0.191013598
-0.734091964
1.133386152
-0.404532438
0.577914342
-0.144865932
-0.524820479
1.819160734
0.231792667
1.084372002
-0.236821723
0.2448425
-0.804862791
0.917924578
0.067363228
-0.520257308
-1.236030829
-0.982916263
-0.109107046
-0.344245158
0.058127737
-0.112912033
-0.153974862
0.595773128
-0.435624985
0.139945088
-0.364575348
-0.35366421
1.385242759
0.367674333
1.292740637
1.68043798
-0.949501032
0.551338791
1.598279795
0.674940441
-0.480292438
-1.309040697
0.257122033
-0.364038098
-1.106151891
0.489300721
0.524202238
1.273012892
0.745251428
-1.140375557
0.817541664
-0.628434471
0.869418683
-0.735631423
0.166785418
0.760992588
-1.003560123
0.930002153
0.16900665
0.953985715
1.166685487
0.727663643
0.650601214
-0.03626524
0.815429858
-0.265712885
1.885516903
-0.040669806
0.509884783
0.544095539
0.98234639
1.389428149
2.350171536
1.486466342
0.145304165
2.666358885
1.539498386
1.599094521
0.962183603
-0.689031028
1.486600065
-0.96032418
0.190213048
-0.852281817
-1.174497279
1.69792783
1.562009979
0.487094216
-0.208161117
1.07416674
1.886918308
0.316684318
0.906336023
-0.842562847
0.324449972
0.450293392
0.934338001
-0.944531706
0.350075576
-2.181845589
0.281793137
-1.933266216
0.496195122
-0.687643517
0.617518328
-1.679485817
0.689932441
-1.406200844
-0.794590595
0.517405422
-0.59634982
-0.543159845
-0.277799359
1.051375953
0.803732216
0.473327304
0.769510286
1.389369823
0.438183124
1.366032598
-0.271376328
0.605497199
1.558420679
1.297165882
0.294355134
-0.216002037
-0.707918952
-0.440075213
-1.097989843
2.003467352
-1.745739011
0.566242848
-0.237962616
2.391147038
1.368491331
-0.379362402
0.748108986
2.407971471
-0.656462745
1.542138088
-1.103198664
0.40291333
-2.11643419
-0.997737235
-1.02323046
0.016642376
-0.175685114
0.162543747
-1.244834681
0.218216803
-0.812260251
-1.247325793
-1.526612925
-0.476364057
-1.04410996
0.339499698
1.190424954
-0.385677699
0.726670659
-0.708075572
0.981745309
-1.142112142
1.128762631
1.094744067
0.705291968
1.47377768
-0.185316309
0.984484409
2.021149996
2.238964302
0.157678558
0.752735526
0.955888963
-1.048804485
0.055843323
0.691062401
2.153134789
0.296219759
1.13018186
-0.255848559
-0.577737205
1.011880971
0.979396259
0.722470224
0.60085112
0.120580554
-2.399168725
-0.751995012
-0.653572873
-2.268874143
-0.348881609
-0.615974559
-0.403017388
1.18858728
0.922047533
0.243518562
1.52363949
0.961269284
2.863702296
-0.393758955
1.987199938
0.949659794
1.025193015
-0.442222215
1.001931504
-0.838328571
-0.182737288
-1.479153589
-1.506464447
-1.059146063
-1.254206315
-0.905587849
-0.100949004
0.136842366
2.148374872
1.581734777
0.530782795
0.473583397
1.597372511
-1.417770846
0.803182251
0.675665505
-0.173333951
-0.668848988
0.824356486
-0.255707915
1.240270545
-0.73150343
-0.056710748
1.150699908
0.514143422
-0.470699185
0.140757239
0.257200054
-1.496381149
0.91773078
-0.098210327
-0.429109903
-1.324167939
-1.275575504
0.004445086
-0.002960886
0.501481497
0.914839536
0.949479349
-0.152629382
-0.047810598
0.006685125
2.764493732
0.818681318
0.0420092
-0.659764842
1.38324896
0.198477767
-0.126931221
1.420297542
0.816113205
0.75609345
2.695929292
-1.327746015
-0.435115428
0.125880474
0.832731514
0.916187842
1.165421277
0.835335559
0.717745466
2.249209714
0.638001703
1.03978069
1.527491609
0.007293667
0.420363671
0.688508961
0.820446567
-0.37546173
1.572671343
1.309362939
-1.937745714
-0.539350198
-0.839976934
0.060641677
0.795560157
0.428878216
0.681352225
1.35498987
-0.008722998
-0.589984088
0.369999819
-0.401680687
-1.05152298
-1.567848652
-0.307721982
-1.203613041
-0.483805509
1.337102067
2.076422464
0.889241186
1.150185265
0.504719386
0.795280371
0.793478732
1.603295236
-0.30852487
-0.530696387
0.726783754
-0.488742049
-1.599015703
1.235606156
-1.448832036
-0.177898658
-0.831345178
1.287246723
0.657184388
0.611633471
1.181567474
0.881536789
0.84348984
2.265255662
0.258090313
-0.005245044
0.771245685
0.479339498
-0.419087954
-0.402143314
-0.98766177
-0.18695578
-0.091565968
-1.803827576
1.182523138
0.093845015
1.618099446
-0.119219784
-0.06170821
0.487817375
-0.3477115
1.819602549
0.752411965
-0.242725206
-0.797536785
-1.16439057
0.555469273
0.958769415
-1.065533062
-0.228908914
1.244698973
1.002094697
0.257973277
1.992858167
1.993238594
0.150858201
-0.750374507
-0.39885178
-0.866369772
-0.384335303
1.18053685
-1.604264599
1.865754947
0.247454511
-0.48680655
-1.176523114
-1.36684958
-1.955505173
0.475228682
-1.727823255
0.698587345
1.256618334
-0.134211132
2.488204556
0.752220455
0.584459337
0.812009639
0.692465356
2.424032446
0.693018425
0.558564682
2.58171641
-0.688535305
0.826360757
-1.163320653
-0.089064331
-1.223474604
-1.449123647
-0.03121736
-0.43699462
0.138345445
-0.656739335
0.915161077
0.049787726
0.008988418
-0.681224167
2.057447974
1.040813308
0.603814556
-0.916473756
1.3947425
0.347530413
0.251853505
0.597531928
0.081476157
-0.343576141
-1.264711807
1.445002367
0.313214184
0.712387814
-0.018869915
0.010371524
0.833401264
-0.283291549
0.147947143
-1.273512839
-1.019456343
0.56536318
0.123894844
-1.45759596
0.128461398
-0.335148631
0.042253077
-0.445016781
0.041863259
-0.282212503
0.930987022
0.558231777
0.026447888
-0.989978886
-0.508046536
-1.479379074
-0.087367639
0.107881022
-0.380628126
0.168608584
-0.016392379
-1.837195428
-0.430972187
-2.90568791
-2.520281789
-1.979929305
-1.076677259
1.044622307
-0.412778888
0.813818684
0.510499959
3.730067236
2.141330096
2.521706643
2.270847072
1.973958131
0.332018377
0.261735894
0.509663131
-0.21628639
1.786923228
0.374530239
0.271678113
1.425486755
0.57014005
1.973668624
0.463287517
2.439460516
-0.351180293
-0.148398056
1.050331669
-0.016809421
0.917837154
-0.791515388
2.112002964
-0.637386518
1.689537102
0.60508591
0.651200605
0.617114121
-0.372699173
1.013790249
-1.470664109
-1.307383816
-1.31280957
-0.495820291
0.384681727
0.599853997
0.520716336
0.870688346
0.505756536
0.051366039
-0.441684931
-0.025288326
-2.587239364
1.093367672
0.461545707
-0.335057211
0.13541431
-2.069079264
-2.254752916
-1.188036416
-0.235474841
-2.60456868
-0.741018432
-0.247707657
-0.856501934
-0.420355849
1.581501051
-0.984524739
-0.234099685
-1.068833758
0.443294495
-1.161920023
-1.713376543
-1.771488599
-1.573053362
-1.30287026
-1.539528965
-1.281698398
-0.703103737
-1.177868909
1.152320355
-0.303812448
-0.301022151
-0.172544028
-2.013790724
-0.487333464
-2.197336833
-0.927582013
-2.576060818
0.229708984
1.279132303
0.320100762
0.517533441
-0.218272251
1.896729604
1.121227127
2.137080116
0.18861758
1.187814921
-0.383518532
1.300369326
0.190196317
1.844559919
1.473353871
1.033841176
0.852047828
0.186811364
0.567126991
2.794094745
0.501790161
1.23425064
1.085798723
1.105131527
1.057576895
1.503398058
-0.286148137
-0.705056978
0.679247518
-1.3284974
0.472826896
0.273160995
-0.48248708
0.387573006
-0.907297417
0.207659337
0.208671097
0.112862487
-0.851431668
2.049409842
0.646211901
-1.376204948
-0.246388178
-0.334596
-2.10328674
-0.682657793
-1.103889736
-0.233116789
0.235417689
1.781096768
0.543349049
0.036342975
1.098661571
0.869023504
0.129662507
1.775717783
0.212981054
0.604032569
-0.964521684
0.357496808
-1.383881452
0.558190661
-0.226424721
0.33941154
-1.539668298
-0.670011607
-1.995239787
-0.459359503
-3.180398741
-0.720508628
-0.377110144
-0.09358811
0.210068955
-0.388059348
1.034182182
-0.362009692
0.069786218
0.611629521
0.229220611
2.995923816
3.668064841
1.86632653
1.574220514
-0.373134451
0.199621207
1.514438866
1.413694743
1.257329752
0.511232252
1.687589024
0.515914498
0.425100846
1.603842485
0.227767393
0.421648836
0.559240918
1.146837639
0.440390604
0.085991537
0.463146256
0.297784279
-0.519969174
0.475211135
-0.305147127
-0.583996541
-0.919125176
-1.098940136
-0.644311297
-0.698713591
-0.445430429
1.281565455
-2.505192148
-1.039811034
-2.250209822
0.264692755
-1.631547416
-0.45526565
0.959312747
-1.652431303
0.929269203
0.70706972
0.984135474
2.152028887
2.942265765
0.236725535
0.829260209
1.318906329
1.044070887
0.400149646
0.511829665
0.883010202
-0.124779239
-0.521871979
1.958623352
0.54740825
-0.954303727
-0.391209218
-1.24134484
-2.563199932
-1.544138667
-1.851585615
-0.170254573
-0.399441653
-0.729468283
1.429732438
0.621044027
0.482835528
-0.356800044
0.26454818
-0.836778881
-0.441674453
-0.138318086
1.36398588
1.419892688
-0.045713561
1.154543139
-0.526772358
0.103932054
-0.497338802
0.862446927
1.426277749
-0.45564602
0.574894367
0.379520597
0.742792849
0.695389778
0.053411709
1.609308193
0.614169153
-0.278884547
1.123256043
-0.195682758
-0.103619126
-0.199401107
-2.50438375
-1.83761521
-1.893547808
0.16329882
1.409502547
0.436602756
0.984136877
-1.776411828
-1.362477776
0.07558155
-1.419778511
-0.780021739
0.19592358
1.387314404
0.684480125
2.742694875
1.980713111
1.177807687
0.063231968
-0.792851482
0.388264861
0.237144516
-0.61871492
-0.67024586
0.647783027
-1.454356188
0.232482511
0.259637539
-0.64474415
1.344443666
0.279586265
0.804651377
0.295391205
1.960063639
0.144168394
-0.300187865
0.269013066
-0.882701949
-0.75619003
-0.747936657
-0.526821685
0.023993419
-0.903031173
0.568326046
-1.780452355
-0.94906666
-2.236607897
-2.151976199
-1.177325438
-1.274963928
-0.120518225
-1.179098814
-0.337696818
-1.327183434
-0.059546288
-0.952959069
-1.224097314
0.938852616
-0.435044093
-1.214150768
0.349856545
-0.009360584
0.338181393
1.00158025
0.815751066
0.326000438
1.795725019
0.102587014
0.935147354
-0.037386264
1.411715
-1.075205972
-1.252077303
-1.238724507
-1.689132174
0.945631773
-0.065099014
1.218898711
0.069528301
0.187553856
0.738482053
0.503181805
1.204692354
0.051531388
-0.82677379
-0.520362667
-0.411616016
-0.274311037
-0.96007146
2.166804459
0.072988911
1.144078097
1.34654429
1.348097259
1.343906691
1.037945297
2.771962484
1.690376532
0.518646666
-0.057199067
1.208877525
-0.404696647
-1.575076267
-1.379249448
0.292826612
-0.699862212
-1.308529369
-0.573981036
0.467124653
-0.682506428
-1.159259134
-0.112560672
0.606390975
0.69583979
-0.208404863
0.987223703
1.83280008
1.325481774
0.699946854
0.944061954
1.287678965
0.405881413
0.66479367
0.327530221
1.606372582
1.442078637
1.260018347
1.87115418
-1.84472057
-0.265616422
-1.125083811
-0.577972133
-0.669986066
1.369038351
0.729043224
0.208643892
0.783436229
-1.58119585
0.299348442
-1.981128564
-0.489756007
-0.721828841
-2.55018269
-0.800975591
-1.434466416
-1.012421031
-0.992282837
-0.533571713
0.727816413
-1.169998953
0.131710706
-0.270679677
-0.432843235
0.504128805
0.059867276
-1.799735003
-0.234900249
0.116004537
-1.051135515
-2.018154492
-0.515107976
-0.704467142
0.98541296
-3.339007367
-1.248441256
0.589842175
1.064518673
-0.730406662
1.022177019
-0.304461448
-0.541589064
1.166154092
0.891716961
-0.092357296
0.849049206
1.400229186
2.250544801
0.361445904
0.565247047
0.589999511
1.22228984
1.740717137
-0.225691567
-0.131055486
-0.253887106
-1.146265839
0.449805791
0.659182378
0.247727614
1.242118606
-0.240041902
0.397679536
-1.210172489
-0.763055188
-1.381530602
-0.276385832
-1.651708497
-0.339212597
-0.055506909
1.717724465
-2.01916781
0.58282094
-0.121645869
-1.099858953
0.006776913
0.475490723
-1.175946342
-0.941859592
0.013753419
-1.851509674
-1.543897721
-1.233867576
-1.876282749
-1.477577027
-1.149140285
0.527199666
-2.719027201
-0.48732974
-0.079806638
0.212308491
1.547821317
-0.965647416
0.150797397
-1.044674894
-0.351644869
-1.741014635
-1.197028673
-0.990456718
-0.448267652
-3.357985552
-1.116474242
-1.811979389
-1.295501363
-1.337605062
-1.09083563
1.148749432
0.228080359
2.407582138
1.358672377
1.123643579
1.281691419
1.131005391
0.71464593
-0.914214687
0.151756864
0.191776873
0.642677861
