0.053243
0.087123
0.403406
-1.4677128
1.2603906
1.9631577
1.7696281
3.1495241
2.2568784
2.1040494
1.9736882
-0.1411108
-0.4743497
-1.5030601
-3.4449351
-3.217544
-2.0072521
-4.8474612
-4.7223898
-4.5746686
-6.169218
-6.1531036
-5.8439957
-7.5828974
-5.1357456
-4.8622428
-4.8582912
-4.4882666
-3.1639884
-1.5020201
-0.7599356
0.4761201
2.553542
4.7294267
7.5966888
9.6862409
11.9516563
13.9702247
15.0557318
17.3373685
18.6297673
20.6853537
22.3266087
24.165464
26.2256112
27.1339308
27.8829519
27.1016745
26.600151
25.76653
26.034776
26.4478878
27.4139026
27.3925907
27.5410675
27.6941934
26.4328689
25.4340442
23.9811504
22.7657979
22.6658463
22.2206846
21.6447752
19.5163621
18.9362286
17.7276507
16.389764
14.6472423
12.4592519
9.8614969
8.5918638
7.4624422
4.8094622
1.4081502
-1.5418993
-3.2003154
-5.2145999
-5.6034124
-8.4506922
-10.1939421
-12.2208069
-13.9923414
-15.6890459
-17.0888581
-17.4669284
-19.5683785
-21.1440114
-21.7927659
-22.5391958
-25.4827968
-25.3564718
-26.6953539
-26.3647313
-26.6658002
-26.2256318
-27.5802867
-26.3463816
-27.3846076
-27.6193433
-28.2890989
-28.0887272
-27.1856815
-27.8229972
-27.4006081
-26.9671359
-26.0335148
-25.9818451
-24.5876238
-24.4770608
-24.5789321
-22.5529189
-22.3957271
-20.6191831
-19.8468508
-19.3549447
-20.8862685
-22.1959835
-22.6644634
-26.3590742
-28.1298867
-30.4319494
-32.0714172
-34.4198547
-35.1220017
-36.3349907
-37.8581588
-39.6111376
-40.0971126
-43.2617381
-45.2484734
-47.0810661
-48.7753907
-51.0798468
-51.9286334
-54.0598625
-55.3792583
-56.9165405
-59.9618313
-61.5858921
-63.3585093
-64.9768161
-66.194478
-66.6817204
-69.0119116
-68.9841418
-70.3002057
-70.7793324
-71.7011369
-74.3618285
-75.9428378
-78.5814909
-81.0679359
-81.9381153
-84.7364368
-86.9996602
-91.0903914
-94.5246389
-99.6817974
-104.4692514
-110.0797258
-115.011048
-118.6113694
-123.1229071
-127.959565
-132.9559561
-139.4488121
-145.3466872
-152.3759061
-159.2739603
-165.8914214
-173.1553282
-180.0166584
-187.8219599
-194.2468684
-201.2102508
-208.1147251
-215.2195957
-221.2684991
-227.1572559
-233.183649
-240.3729734
-247.8990973
-255.3188982
-261.7217543
-270.0768871
-276.375742
-285.0052097
-292.0294779
-300.3179358
-308.4348804
-315.8703544
-325.5224015
-333.5998694
-342.5917009
-351.447153
-360.8227393
-369.9134879
-379.8891336
-387.7844717
-396.6695528
-404.5084648
-411.5445367
-420.4743777
-426.7557569
-437.6198579
-445.5225493
-453.4926195
-461.8517457
-469.7835391
-476.8673665
-484.2993335
-491.3336235
-497.8812408
-505.6314145
-512.3759441
-519.5426809
-525.9846241
-532.3032256
-538.0181484
-542.8788842
-547.4003265
-551.7571089
-556.5394021
-561.3203965
-565.4505041
-569.6997286
-573.7947265
-576.2959799
-579.6795053
-581.6209823
-582.8090752
-583.856263
-584.1137213
-585.0584136
-586.2771273
-587.4848605
-587.5110771
-587.1639979
-586.8267558
-588.1966438
-589.7558243
-591.7908108
-593.7672831
-595.3286416
-596.6276153
-598.8086237
-601.4129734
-604.7108494
-607.253122
-610.9196904
-614.9500767
-617.6243065
-620.1553384
-624.7464291
-629.6652824
-634.1970536
-640.5937253
-645.593401
-650.8590398
-657.1965447
-662.7633798
-668.1554916
-673.334621
-680.7726928
-685.9635631
-693.0068055
-699.7648346
-706.3039109
-713.6167161
-719.4294569
-725.6526282
-734.0381599
-740.111403
-746.8671947
-754.5423123
-761.7371545
-767.1255827
-773.0166394
-779.0501747
-784.5316302
-788.5866862
-794.381208
-798.0896309
-802.7672948
-808.2803934
-812.7804885
-819.84394
-825.2479228
-831.2420226
-837.9258922
-843.4530025
-849.3452621
-855.4895641
-862.0321788
-866.6224883
-872.1550803
-877.3019574
-883.2906668
-889.1906752
-895.273224
-902.1813924
-908.6577653
-916.4095575
-922.3822718
-929.4928678
-935.3180469
-938.8015513
-943.4737964
-947.7863236
-952.6391576
-957.5977338
-961.5890216
-965.7315178
-969.7574287
-973.4039947
-977.9429314
-981.5763315
-986.6253693
-990.9796181
-996.4685409
-1000.894068
-1004.864422
-1008.222851
-1012.010624
-1015.460982
-1020.360043
-1024.784035
-1029.815875
-1032.750612
-1037.631846
-1042.67365
-1047.359379
-1051.339357
-1057.035255
-1062.622834
-1066.390027
-1071.750437
-1076.362331
-1081.110916
-1086.729177
-1091.897228
-1097.520733
-1102.921736
-1110.001273
-1114.737438
-1120.455426
-1127.365054
-1132.278604
-1138.961143
-1144.795027
-1151.939465
-1157.052783
-1161.912269
-1166.895605
-1170.461194
-1174.593509
-1179.667163
-1183.059493
-1186.654007
-1190.310238
-1193.127142
-1194.063257
-1196.129338
-1198.496887
-1200.353116
-1202.93633
-1206.467018
-1209.699436
-1212.736482
-1216.00676
-1219.193676
-1222.898772
-1226.28935
-1230.745716
-1233.361684
-1236.918209
-1239.206858
-1242.002904
-1245.460741
-1248.613509
-1253.560821
-1257.500907
-1262.223287
-1268.64016
-1273.836266
-1279.510306
-1283.913872
-1290.149001
-1294.971771
-1300.556126
-1305.541737
-1310.770893
-1314.805382
-1320.208334
-1323.279795
-1328.219873
-1331.917525
-1334.774498
-1337.537228
-1340.027954
-1341.42527
-1343.107712
-1344.522969
-1347.162913
-1348.123334
-1351.337488
-1353.47106
-1356.820761
-1357.332627
-1360.005334
-1361.42465
-1362.915726
-1364.640187
-1367.046486
-1368.626981
-1371.700022
-1375.135997
-1379.300012
-1382.095089
-1387.469679
-1391.485216
-1395.678984
-1400.089429
-1405.678807
-1410.444099
-1413.80721
-1418.072832
-1419.892698
-1422.009875
-1425.100819
-1428.51041
-1430.586498
-1432.763393
-1433.787063
-1435.2728
-1435.796009
-1437.784115
-1436.892933
-1438.119831
-1439.999784
-1441.929186
-1445.123494
-1448.966757
-1450.877675
-1453.395974
-1456.20596
-1458.75209
-1462.053926
-1463.304119
-1465.216773
-1466.703489
-1467.615679
-1469.269987
-1470.694482
-1472.83091
-1474.844138
-1476.719382
-1480.101151
-1482.319684
-1484.623617
-1486.719451
-1488.305857
-1490.186647
-1490.205883
-1490.496273
-1491.351178
-1491.522187
-1492.179509
-1492.836088
-1493.909475
-1493.780647
-1494.090577
-1495.027684
-1494.783538
-1493.735574
-1494.855869
-1493.251936
-1493.1792
-1494.316944
-1493.956284
-1494.506469
-1495.191138
-1496.410029
-1496.922671
-1498.864247
-1499.194425
-1500.273208
-1501.961564
-1502.990119
-1505.732678
-1506.885949
-1508.6705
-1510.499052
-1510.005937
-1512.236707
-1512.182734
-1514.110503
-1515.482787
-1517.130247
-1520.439277
-1521.45231
-1523.234121
-1524.880933
-1526.200907
-1527.569305
-1529.519093
-1530.82648
-1532.666592
-1534.849695
-1536.647388
-1538.130352
-1541.98228
-1544.403486
-1548.878746
-1553.176119
-1557.593104
-1561.370068
-1566.934088
-1573.294337
-1578.154579
-1583.941735
-1589.082547
-1595.344842
-1599.96898
-1603.445541
-1608.71403
-1613.171201
-1617.779193
-1623.180871
-1627.865429
-1633.52757
-1638.71005
-1646.927417
-1653.299487
-1661.573256
-1668.624836
-1675.749808
-1683.540559
-1692.503538
-1700.778458
-1709.829542
-1720.3983
-1730.227058
-1740.857737
-1752.407282
-1762.700083
-1772.748966
-1782.272076
-1794.029012
-1804.652207
-1815.379932
-1826.788732
-1837.165496
-1847.455495
-1859.014318
-1870.480719
-1881.098716
-1892.897744
-1904.574764
-1916.256443
-1927.469469
-1939.196409
-1950.44907
-1962.440051
-1976.465107
-1989.880449
-2004.262948
-2019.272619
-2035.988364
-2052.783907
-2071.254346
-2087.995897
-2107.512297
-2125.192873
-2144.264587
-2163.634278
-2182.375035
-2200.719038
-2219.973926
-2239.526315
-2257.640747
-2277.966152
-2295.040582
-2314.525256
-2333.185578
-2350.809394
-2367.219738
-2383.906527
-2399.098775
-2414.332682
-2429.223657
-2443.793721
-2458.766911
-2473.047409
-2487.993167
-2501.066446
-2515.261868
-2529.016971
-2541.935923
-2555.83894
-2569.345284
-2583.365771
-2596.150242
-2610.519448
-2624.477887
-2638.801409
-2651.820616
-2664.959027
-2678.068822
-2690.748787
-2703.395079
-2718.306619
-2731.387675
-2745.721748
-2760.318164
-2772.465222
-2785.66997
-2798.724269
-2813.379218
-2825.965207
-2840.204304
-2853.820289
-2868.657905
-2883.30334
-2895.057166
-2908.432278
-2922.684629
-2936.133021
-2950.861843
-2963.94439
-2977.522614
-2990.661723
-3004.224495
-3015.145107
-3027.16333
-3038.576839
-3050.219208
-3062.557898
-3074.29511
-3085.98995
-3097.751864
-3112.570996
-3124.580835
-3138.459066
-3150.724275
-3164.150749
-3176.022556
-3187.962111
-3200.684567
-3214.764456
-3227.113949
-3241.32185
-3254.320298
-3267.394781
-3280.463849
-3293.03995
-3305.781651
-3318.620633
-3332.456418
-3344.3456
-3356.23437
-3367.096247
-3376.904165
-3386.157611
-3396.673836
-3405.187009
-3413.674015
-3421.939512
-3430.021685
-3437.780356
-3444.924869
-3453.063422
-3460.426412
-3468.059319
-3474.880219
-3481.761147
-3489.59325
-3496.121522
-3502.432161
-3509.374019
-3515.654214
-3521.416997
-3528.286281
-3533.960588
-3540.666796
-3546.571988
-3553.324908
-3559.065912
-3565.371177
-3572.620558
-3576.058865
-3581.820192
-3587.470978
-3592.613822
-3598.434993
-3605.450337
-3611.703919
-3619.271188
-3625.474076
-3633.220025
-3639.889611
-3647.338338
-3656.347055
-3663.465381
-3672.090471
-3681.136765
-3689.258941
-3697.571803
-3705.724131
-3713.747792
-3721.074157
-3729.459399
-3736.902899
-3746.985703
-3753.952113
-3762.321447
-3769.759366
-3777.635677
-3784.227592
-3792.251315
-3798.35801
-3805.511511
-3810.630914
-3815.538602
-3821.239823
-3827.985549
-3833.976911
-3840.376281
-3847.426871
-3854.324811
-3861.804479
-3867.516296
-3874.770568
-3881.806338
-3887.188128
-3895.103072
-3903.236471
-3909.497709
-3917.893202
-3927.016842
-3933.879303
-3942.414351
-3949.281055
-3956.146787
-3962.859766
-3969.370468
-3976.235955
-3981.945133
-3989.422297
-3996.292253
-4001.929995
-4009.425865
-4016.619602
-4024.419734
-4032.895005
-4040.955859
-4048.388265
-4056.466232
-4063.541092
-4070.953764
-4076.870443
-4083.906128
-4089.465145
-4097.779721
-4105.373562
-4114.233126
-4121.379972
-4131.176193
-4137.617332
-4145.03455
-4152.2452
-4158.527602
-4164.823314
-4171.299719
-4178.822225
-4186.456597
-4195.583908
-4199.293869
-4207.20085
-4213.644689
-4220.06461
-4226.440368
-4232.984276
-4238.65794
-4245.12276
-4251.1738
-4255.66453
-4262.664278
-4269.201839
-4276.78318
-4284.303357
-4291.913568
-4300.948121
-4308.252177
-4317.290533
-4324.023809
-4330.415443
-4337.710135
-4344.957601
-4352.006842
-4359.841879
-4367.699683
-4375.696915
-4383.326207
-4391.76754
-4398.814947
-4407.618826
-4416.242643
-4423.443796
-4431.061347
-4437.10935
-4442.961637
-4451.012211
-4457.914961
-4465.035752
-4472.84027
-4480.175385
-4488.833153
-4494.734167
-4503.120435
-4509.773778
-4516.254093
-4522.312897
-4526.393247
-4531.877848
-4537.290804
-4543.3636
-4549.542529
-4556.680789
-4563.490639
-4570.461368
-4577.223033
-4584.151881
-4590.328617
-4596.811916
-4603.271178
-4608.49346
-4614.400513
-4618.642303
-4623.836585
-4628.571175
-4634.045686
-4640.235076
-4645.022549
-4648.799277
-4653.41917
-4657.471569
-4662.335235
-4667.068731
-4671.945346
-4675.691469
-4679.608937
-4683.315036
-4687.094879
-4690.87744
-4694.256285
-4697.393714
-4701.628235
-4706.677592
-4710.070605
-4715.82301
-4719.887577
-4726.321533
-4731.209038
-4738.809527
-4743.503745
-4750.008704
-4755.599466
-4761.013701
-4765.228822
-4770.11627
-4775.221312
-4779.653714
-4786.149545
-4790.441053
-4796.100993
-4801.12699
-4806.971565
-4811.07695
-4817.270081
-4821.584318
-4826.196454
-4829.786314
-4835.019628
-4839.063394
-4842.893482
-4849.060896
-4852.438435
-4858.426317
-4863.005198
-4867.807919
-4872.775237
-4875.442319
-4878.353698
-4880.49955
-4883.103906
-4885.284598
-4887.319266
-4889.310306
-4893.136772
-4894.754552
-4897.528184
-4898.276863
-4900.576124
-4903.711252
-4906.495028
-4908.298708
-4909.694786
-4911.01328
-4913.282671
-4914.869672
-4916.927302
-4917.982933
-4920.683145
-4922.048691
-4922.791205
-4924.474463
-4925.508227
-4924.143894
-4924.673349
-4923.508024
-4923.579596
-4923.124154
-4923.053921
-4922.178596
-4920.140141
-4920.728309
-4918.908636
-4917.573235
-4916.374742
-4914.917911
-4913.71071
-4911.448558
-4909.144805
-4906.454311
-4903.323627
-4899.968475
-4895.964082
-4891.676673
-4888.858814
-4884.249274
-4879.716481
-4876.913618
-4872.151039
-4866.729692
-4861.403566
-4857.160769
-4852.526459
-4847.170034
-4841.326302
-4836.492731
-4830.839169
-4826.005481
-4820.726177
-4814.916466
-4810.630084
-4805.594643
-4800.435631
-4795.544401
-4792.134218
-4787.935195
-4783.24487
-4779.848735
-4774.997698
-4770.703609
-4763.817864
-4758.496309
-4751.433372
-4744.064373
-4737.156993
-4730.628379
-4724.25698
-4718.442477
-4712.594975
-4706.988442
-4700.476699
-4694.018859
-4687.389536
-4681.202484
-4672.897641
-4667.168904
-4661.365526
-4655.531312
-4649.300866
-4643.5552
-4638.047253
-4634.905731
-4629.271891
-4625.194375
-4620.09161
-4615.955927
-4611.418409
-4605.731848
-4601.119285
-4594.282161
-4586.354303
-4580.901259
-4574.446034
-4566.466359
-4558.319254
-4550.398121
-4542.405046
-4534.66676
-4526.425637
-4518.39679
-4508.115461
-4499.704714
-4490.740686
-4481.267441
-4472.089432
-4461.63163
-4452.498455
-4443.066658
-4431.7211
-4421.736506
-4410.36492
-4399.519071
-4388.019961
-4374.80884
-4364.033031
-4350.94273
-4339.594082
-4326.920381
-4315.096375
-4301.652551
-4289.823817
-4277.895323
-4263.723058
-4250.077918
-4236.215688
-4222.604222
-4209.850772
-4196.889259
-4183.062832
-4168.992909
-4155.564324
-4142.030821
-4128.789371
-4114.139949
-4100.676674
-4087.769943
-4074.321631
-4060.315776
-4046.874584
-4032.551486
-4018.54752
-4004.504953
-3989.919715
-3973.807468
-3959.838344
-3945.871796
-3932.320725
-3917.840564
-3904.151213
-3889.692158
-3875.393895
-3862.158793
-3847.651542
-3834.110828
-3819.780059
-3806.773172
-3793.367313
-3779.819169
-3766.205445
-3753.832631
-3739.21904
-3727.072865
-3711.896527
-3700.216018
-3688.513306
-3675.55871
-3663.583128
-3650.438277
-3639.027841
-3626.856758
-3613.847187
-3602.207089
-3588.925417
-3575.635007
-3561.880169
-3547.552773
-3533.59352
-3520.15226
-3506.920526
-3492.170312
-3479.292112
-3466.304301
-3453.710303
-3440.168445
-3428.495089
-3416.787297
-3403.039773
-3391.710616
-3378.588702
-3366.506255
-3355.533359
-3342.605381
-3330.196715
-3315.996412
-3302.671701
-3289.94531
-3276.756882
-3264.010355
-3251.183315
-3238.154785
-3226.124422
-3213.161494
-3201.2264
-3188.052851
-3174.99228
-3162.841511
-3148.821372
-3136.572283
-3123.219893
-3108.339515
-3096.767808
-3083.754084
-3070.93524
-3059.349508
-3047.769634
-3037.327057
-3027.074856
-3016.036537
-3004.095392
-2991.806706
-2978.540942
-2965.019865
-2949.343113
-2935.462257
-2920.845154
-2905.791354
-2891.97899
-2877.717111
-2862.817734
-2848.231408
-2833.686019
-2819.211908
-2806.15487
-2791.52303
-2778.795389
-2765.376075
-2750.875493
-2738.591626
-2725.776533
-2712.461632
-2698.545767
-2685.022396
-2670.0268
-2655.520001
-2638.837868
-2622.594584
-2607.248868
-2592.821092
-2575.511942
-2560.539066
-2545.568495
-2529.33793
-2512.673542
-2496.919875
-2481.277736
-2465.298475
-2448.411214
-2433.80978
-2417.352534
-2401.46833
-2384.747083
-2367.798903
-2350.059111
-2332.332881
-2314.883964
-2298.252131
-2280.622733
-2263.435763
-2246.242
-2227.469582
-2209.77789
-2192.589608
-2174.346382
-2157.827435
-2140.110357
-2122.796046
-2106.148523
-2087.392675
-2070.226322
-2051.287341
-2033.273827
-2012.787546
-1993.392219
-1976.29632
-1958.015545
-1940.353772
-1923.220796
-1906.150395
-1888.450069
-1871.335131
-1854.369328
-1836.206623
-1817.412155
-1797.608684
-1778.900781
-1758.235683
-1736.888223
-1716.530708
-1695.560979
-1674.758785
-1654.479148
-1634.465883
-1612.569911
-1592.716365
-1572.9453
-1551.274395
-1529.698353
-1507.577973
-1486.853666
-1464.568857
-1442.668324
-1419.423498
-1398.349123
-1377.541565
-1357.263122
-1337.98408
-1316.787136
-1298.351573
-1278.098186
